thermal_intrinsic: [5665.904969622786, 15355.294652500323, 137.69684210555184, -45.71459892884446]
thermal_distortion: [640.2117182533505, -260393.24141382586, -1.0754785381619931, -3.8957151864111395, 35308.493374744154]