thermal_intrinsic: [5070.361656301096, 16037.899990213966, 122.78274838564447, -102.59159015272256]
thermal_distortion: [409.65118263636094, -96739.41808555798, -0.8767038374644792, -3.700283847831826, 37032.04926010622]