visual_intrinsic: [14608.59144831024, 1395.543019163169, 769.1329280167607, 367.7068099871674]
distortion: [-9.005225373189152, -2649.7832401157834, -1.778026100388004, 0.0643383040854232, 70039.5513112501]